########################## SERVER ######################################
exp-1-1_100s : 0.17006651560465494-0.040565232123721304
0.21506786346435547,0.13630986213684082,0.15882182121276855,

exp-1-1_10s : 0.16686568260192872-0.030370592647796398
0.1495189666748047,0.15769290924072266,0.17071294784545898,0.24129915237426758,0.14335417747497559,0.14658498764038086,0.19398975372314453,0.15612483024597168,0.16585803031921387,0.14352107048034668,

exp-1-1_1s : 0.1988709783554077-0.04242641746970412
0.1966242790222168,0.23498010635375977,0.2124190330505371,0.1972517967224121,0.17164897918701172,0.23541903495788574,0.16039514541625977,0.20292186737060547,0.27242588996887207,0.21531295776367188,0.19741415977478027,0.16634607315063477,0.18535399436950684,0.21186590194702148,0.2661721706390381,0.3047969341278076,0.25234174728393555,0.1844770908355713,0.1975858211517334,0.1624441146850586,0.3013639450073242,0.16502618789672852,0.14321517944335938,0.20095181465148926,0.1903061866760254,0.23467612266540527,0.2684640884399414,0.14739203453063965,0.18469715118408203,0.24961209297180176,0.1966240406036377,0.2604820728302002,0.2216949462890625,0.2472701072692871,0.1913280487060547,0.16274309158325195,0.17034697532653809,0.13785505294799805,0.19991278648376465,0.164658784866333,0.1499040126800537,0.19711017608642578,0.14865684509277344,0.14919614791870117,0.16103792190551758,0.17759990692138672,0.164215087890625,0.22645306587219238,0.15427684783935547,0.14828109741210938,

exp-5-1_100s : 0.775165017445882-0.5487180670671432
0.9889652729034424,0.7437758445739746,1.7927539348602295,

exp-5-1_10s : 0.9287055253982544-0.3480104297949637
0.7352321147918701,0.7851498126983643,1.7848358154296875,0.7900588512420654,0.753371000289917,0.7681448459625244,0.8147022724151611,0.771489143371582,1.3247511386871338,0.7593202590942383,

exp-5-1_1s : 0.7990125067093793-0.06253754766993472
0.7217528820037842,0.8315689563751221,0.7829830646514893,0.7129547595977783,0.8512330055236816,0.7746486663818359,0.7205979824066162,0.7869009971618652,0.753565788269043,0.8538780212402344,0.8074748516082764,0.7463779449462891,0.8076951503753662,0.7469089031219482,0.9302258491516113,0.777756929397583,0.7777180671691895,0.808596134185791,0.8412227630615234,0.8207118511199951,0.8939919471740723,0.8254060745239258,0.8797638416290283,0.7127349376678467,0.7449619770050049,0.9591131210327148,0.722707986831665,0.778205156326294,0.804314136505127,0.7265050411224365,0.8114840984344482,0.8283591270446777,0.8770341873168945,0.7470710277557373,

exp-1-5_100s : 0.9520916938781738-0.1681819432773758
1.134850025177002,0.9175870418548584,0.8038380146026611,

exp-1-5_10s : 0.9206402540206909-0.22976521078315706
0.9308550357818604,0.9865763187408447,1.5406930446624756,0.8006138801574707,0.8128259181976318,0.8608858585357666,0.9187190532684326,0.7610130310058594,0.7796981334686279,0.8145222663879395,

exp-1-5_1s : 0.9105654060840607-0.28442345466277613
0.8341670036315918,0.7965381145477295,0.7737860679626465,0.7859048843383789,0.8033630847930908,0.9047322273254395,1.0987350940704346,0.8576362133026123,0.86456298828125,2.3590850830078125,0.8832566738128662,0.8693397045135498,0.7783267498016357,0.8391149044036865,0.7797229290008545,0.8345069885253906,1.2189650535583496,0.7946162223815918,1.0189270973205566,0.8466198444366455,0.9810712337493896,0.8768467903137207,0.9474968910217285,0.7948250770568848,0.9932079315185547,0.8765151500701904,0.8455410003662109,0.7712399959564209,0.7858309745788574,0.749614953994751,0.8495380878448486,0.7244579792022705,

exp-5-5_100s : 4.358340740203857-0.6493277668535891
4.021704912185669,3.9464571475982666,5.106860160827637,

exp-5-5_10s : 4.152433127164841-0.6788069212138997
3.815943956375122,5.787168979644775,3.894160032272339,3.8175227642059326,4.022155046463013,4.257534027099609,3.8429412841796875,3.782038927078247,

exp-5-5_1s : 3.8302254860217753-0.15598610103525953
3.776059150695801,3.811466932296753,3.8786520957946777,3.8630130290985107,4.244025945663452,3.8021061420440674,3.9007411003112793,3.7003567218780518,3.831578016281128,3.7577438354492188,3.6523373126983643,3.9468789100646973,3.62797212600708,

