exp-1-1_100s : 0.009485483169555664-0.0031039013229470893
0.01303863525390625,0.007302045822143555,0.008115768432617188,

exp-1-1_10s : 0.015149553616841635-0.0032923116870406765
0.015824079513549805,0.01918959617614746,0.017040729522705078,0.014876842498779297,0.021108150482177734,0.013560771942138672,0.015559911727905273,0.014583826065063477,0.014788150787353516,0.013332843780517578,0.014268875122070312,0.007660865783691406,

exp-1-1_1s : 0.013810221354166667-0.0034246191342624265
0.012380123138427734,0.01648116111755371,0.009276151657104492,0.007359027862548828,0.015810012817382812,0.01638507843017578,0.007770061492919922,0.007906913757324219,0.013234853744506836,0.015460968017578125,0.013978958129882812,0.008084297180175781,0.00893092155456543,0.026287317276000977,0.011501073837280273,0.013624191284179688,0.014581918716430664,0.008023738861083984,0.00877523422241211,0.015891075134277344,0.016613245010375977,0.013386964797973633,0.015481233596801758,0.016199827194213867,0.007632255554199219,0.015830039978027344,0.014864206314086914,0.016715049743652344,0.015675783157348633,0.013094902038574219,0.014916181564331055,0.016295194625854492,0.015089988708496094,0.007375240325927734,0.01584482192993164,0.017549991607666016,0.01623678207397461,0.015402078628540039,0.015232086181640625,0.01600503921508789,0.01712822914123535,0.015834808349609375,0.009654760360717773,0.014277219772338867,0.014934778213500977,0.01547384262084961,0.015479087829589844,0.01006007194519043,0.014576911926269531,0.015989065170288086,0.01742696762084961,0.016371965408325195,0.013154029846191406,0.015352725982666016,0.010922908782958984,0.012869834899902344,0.014490127563476562,0.011450052261352539,0.012730121612548828,0.013251781463623047,

exp-1-5_100s : 0.0722978909810384-0.03678605046458958
0.11475586891174316,0.049971818923950195,0.052165985107421875,

exp-1-5_10s : 0.06689953804016113-0.023784638786920748
0.11061882972717285,0.08022284507751465,0.05035901069641113,0.07842111587524414,0.06661200523376465,0.11244797706604004,0.05071520805358887,0.054627180099487305,0.052442073822021484,0.045022010803222656,0.047135114669799805,0.054171085357666016,

exp-1-5_1s : 0.05250023958975809-0.012842910652794727
0.061327219009399414,0.05341792106628418,0.04278206825256348,0.0975029468536377,0.05673694610595703,0.05055689811706543,0.056208133697509766,0.04812908172607422,0.046331167221069336,0.0423579216003418,0.046009063720703125,0.05314207077026367,0.04795479774475098,0.037345170974731445,0.04123187065124512,0.046479225158691406,0.05689501762390137,0.050334930419921875,0.04705691337585449,0.039134979248046875,0.04963421821594238,0.08352518081665039,0.06468415260314941,0.04392099380493164,0.06314611434936523,0.04529595375061035,0.051811933517456055,0.05013608932495117,0.04370284080505371,0.04530215263366699,0.07779502868652344,0.04972195625305176,0.040001630783081055,0.04905867576599121,0.07879877090454102,0.04289388656616211,0.05006909370422363,0.06409001350402832,0.07340192794799805,0.04205203056335449,0.050833940505981445,0.04154801368713379,0.04556393623352051,0.047319650650024414,0.05081295967102051,0.08109807968139648,0.060726165771484375,0.04963517189025879,0.043901920318603516,0.03949594497680664,0.04094696044921875,0.04148507118225098,0.042268991470336914,0.04022407531738281,0.07357001304626465,0.06160163879394531,0.05150413513183594,

exp-5-1_100s : 0.09133728345235188-0.005997299304848159
0.09610199928283691,0.0933070182800293,0.08460283279418945,

exp-5-1_10s : 0.07675220568974812-0.01597462811642649
0.09090089797973633,0.0699012279510498,0.061328887939453125,0.0705258846282959,0.08307409286499023,0.07166314125061035,0.08890295028686523,0.10068821907043457,0.08836221694946289,0.0904850959777832,0.05440402030944824,0.050789833068847656,

exp-5-1_1s : 0.06602445819921661-0.013571223975986894
0.0693979263305664,0.08181214332580566,0.05741429328918457,0.0642240047454834,0.0909569263458252,0.09770011901855469,0.0597381591796875,0.06887698173522949,0.05211591720581055,0.06714224815368652,0.06511998176574707,0.0562739372253418,0.056973934173583984,0.06804013252258301,0.06952977180480957,0.057480812072753906,0.04851031303405762,0.05409407615661621,0.05392003059387207,0.06885409355163574,0.0845179557800293,0.0538020133972168,0.062124013900756836,0.0701286792755127,0.04867267608642578,0.04850006103515625,0.04683327674865723,0.08713293075561523,0.0778050422668457,0.0729379653930664,0.06103014945983887,0.053076982498168945,0.05498695373535156,0.06432795524597168,0.058270931243896484,0.06752896308898926,0.09205770492553711,0.051203012466430664,0.0635838508605957,0.0666818618774414,0.07651591300964355,0.08674407005310059,0.10001993179321289,0.057035207748413086,0.050425052642822266,0.05433797836303711,0.06985235214233398,0.07651376724243164,0.07463574409484863,0.0601961612701416,0.09985780715942383,0.06319570541381836,0.0540318489074707,0.0595090389251709,0.05649900436401367,0.0665597915649414,0.0640859603881836,

exp-5-5_100s : 0.4317917029062907-0.1455507133242111
0.59145188331604,0.39742016792297363,0.3065030574798584,

exp-5-5_10s : 0.19694789250691733-0.022614699173571243
0.1702127456665039,0.21015405654907227,0.21729397773742676,0.17830586433410645,0.1929032802581787,0.18079280853271484,0.20506906509399414,0.1978590488433838,0.20379400253295898,0.17509198188781738,0.2504761219024658,0.18142175674438477,

exp-5-5_1s : 0.20602033615112306-0.019252358647864926
0.17100000381469727,0.20799589157104492,0.18600702285766602,0.1973729133605957,0.19385027885437012,0.196181058883667,0.20035290718078613,0.19848179817199707,0.19694280624389648,0.20299720764160156,0.2093958854675293,0.2064359188079834,0.2011551856994629,0.2616262435913086,0.19030308723449707,0.2060689926147461,0.19572806358337402,0.20469284057617188,0.2156679630279541,0.2023019790649414,0.20316410064697266,0.25475502014160156,0.1690671443939209,0.20058393478393555,0.22442412376403809,0.1913738250732422,0.19828128814697266,0.23665785789489746,0.17559289932250977,0.21422886848449707,0.19824695587158203,0.21837306022644043,0.20766592025756836,0.20256400108337402,0.21327710151672363,0.19728422164916992,0.21343207359313965,0.19743800163269043,0.21702980995178223,0.23269891738891602,0.18773198127746582,0.20131301879882812,0.2118232250213623,0.21123600006103516,0.22072291374206543,0.20519614219665527,0.20742511749267578,0.2659111022949219,0.19336605072021484,0.1855940818786621,

############################ SERVER ############################

exp-1-1_100s : 0.14302738507588705-0.01081679860062397
0.13242793083190918,0.14260506629943848,0.15404915809631348,

exp-1-1_10s : 0.17003629207611085-0.028655507600320068
0.18880772590637207,0.22889399528503418,0.14031386375427246,0.1820991039276123,0.13722586631774902,0.16687893867492676,0.14017701148986816,0.19057011604309082,0.16701722145080566,0.15837907791137695,

exp-1-1_1s : 0.25707416733105976-0.19476892402515986
0.5590789318084717,0.6779630184173584,0.1802978515625,0.1385190486907959,0.17764973640441895,0.15053486824035645,0.15671801567077637,0.19256091117858887,0.16854596138000488,0.15651464462280273,0.15513205528259277,0.6884801387786865,0.394329309463501,0.13518595695495605,0.13789105415344238,0.15430307388305664,0.12476277351379395,0.13772201538085938,0.17727422714233398,0.22722625732421875,0.15413403511047363,0.27201199531555176,0.1459667682647705,0.4665815830230713,0.6894018650054932,0.33272695541381836,0.1875309944152832,0.18947124481201172,0.16418099403381348,0.14577507972717285,0.13514399528503418,0.19138407707214355,0.1903700828552246,0.1684558391571045,0.16236615180969238,0.34462785720825195,0.30136775970458984,0.14864301681518555,0.2618429660797119,0.1246340274810791,0.15833020210266113,0.1746659278869629,0.25863122940063477,0.14871716499328613,0.17036700248718262,0.4199831485748291,1.1047492027282715,0.23680901527404785,

exp-5-1_100s : 0.9355683326721191-0.2291741746843607
1.1471500396728516,0.9674208164215088,0.6921341419219971,

exp-5-1_10s : 1.7966567940182157-1.6877653142732327
0.8156402111053467,0.8626999855041504,0.7018561363220215,0.9786131381988525,4.649353981018066,4.84188985824585,0.8440408706665039,1.5050780773162842,0.9707388877868652,

exp-5-1_1s : 1.171701192855835-0.485659459696783
2.5344998836517334,1.1656248569488525,0.9261951446533203,1.8736231327056885,0.8186919689178467,1.1543331146240234,0.7605979442596436,0.7199270725250244,1.0373709201812744,0.7609751224517822,1.6485240459442139,1.9243872165679932,1.0035312175750732,1.0297839641571045,0.9656000137329102,1.8146460056304932,1.2627692222595215,1.606187105178833,0.764559268951416,0.8450639247894287,0.8325507640838623,0.8528988361358643,0.9520502090454102,1.182265043258667,0.8015921115875244,0.7881851196289062,0.7345690727233887,2.046631097793579,

exp-1-5_10s : 1.4772763933454245-8.84100506360469
1.0294177532196045,1.8422868251800537,24.512991905212402,1.0633537769317627,0.7984702587127686,1.0373272895812988,1.0570869445800781,

exp-1-5_1s : 1.2263433050226282-0.6237774426392038
2.1676547527313232,1.0201060771942139,0.939704179763794,0.9428079128265381,0.8823087215423584,0.9559938907623291,0.773554801940918,0.7884941101074219,3.557558059692383,0.8316271305084229,0.867351770401001,0.6965692043304443,2.028442859649658,1.2818050384521484,1.9964396953582764,1.9210569858551025,0.8225741386413574,0.9691870212554932,0.8891940116882324,0.9299190044403076,1.292907953262329,0.9217536449432373,1.415546178817749,0.9903080463409424,1.0577967166900635,1.2027862071990967,0.9678211212158203,

exp-5-5_100s : 5.415435791015625-0.6938270581289325
5.691547155380249,4.6260600090026855,5.92870020866394,

exp-5-5_10s : 4.5039340768541605-0.4872306871702273
4.271860122680664,4.648709297180176,5.396046161651611,4.089576959609985,4.507108211517334,4.697314977645874,3.9169228076934814,

exp-5-5_1s : 4.122532987594605-0.41251836506155937
4.617115259170532,4.507310152053833,3.939436197280884,3.6966030597686768,3.8522002696990967,

