exp-1-1_100s : 0.15890773137410483-0.0036883466563621776
0.15944814682006836,0.15497899055480957,0.16229605674743652,

exp-1-1_10s : 0.1705341100692749-0.04315542350671892
0.15803003311157227,0.15365290641784668,0.18784475326538086,0.2885611057281494,0.1564772129058838,0.16280698776245117,0.14649701118469238,0.15421605110168457,0.1524350643157959,0.144819974899292,

exp-1-1_1s : 0.17830962293288288-0.04951760967616255
0.17543601989746094,0.15541601181030273,0.17204999923706055,0.14406514167785645,0.27608585357666016,0.154555082321167,0.1500389575958252,0.1282181739807129,0.13677716255187988,0.14502596855163574,0.16435885429382324,0.14981293678283691,0.14698505401611328,0.15866589546203613,0.12994098663330078,0.14896011352539062,0.27080798149108887,0.21472382545471191,0.3580491542816162,0.3707728385925293,0.16017389297485352,0.1625521183013916,0.23043394088745117,0.16804218292236328,0.18075180053710938,0.21668410301208496,0.21176981925964355,0.15720200538635254,0.15675997734069824,0.15685820579528809,0.15462136268615723,0.16153311729431152,0.15797996520996094,0.1685178279876709,0.1411902904510498,0.1882469654083252,0.14928317070007324,0.16958093643188477,0.18971490859985352,0.19378209114074707,0.20100808143615723,0.17733383178710938,0.15968704223632812,0.15647196769714355,0.19744420051574707,0.12787580490112305,0.15369510650634766,0.2156810760498047,0.17665505409240723,0.13451886177062988,0.16699504852294922,

exp-5-1_100s : 0.7920957406361898-0.03209810450139059
0.8026392459869385,0.7560520172119141,0.8175959587097168,

exp-5-1_10s : 0.8472570180892944-0.3321016762182382
0.704974889755249,0.7641987800598145,0.7077407836914062,1.7880687713623047,0.7954592704772949,0.7613129615783691,0.7040688991546631,0.7419099807739258,0.7276170253753662,0.7772188186645508,

exp-5-1_1s : 0.8204182783762614-0.2035459748947856
0.7819900512695312,0.7966978549957275,0.691943883895874,0.8205969333648682,0.7648990154266357,0.7084381580352783,0.75882887840271,0.8014500141143799,0.7839369773864746,0.8174610137939453,0.7081160545349121,0.7652230262756348,0.8341629505157471,0.7782073020935059,0.7595043182373047,0.8337569236755371,0.8629748821258545,0.7418639659881592,0.7320976257324219,1.8832290172576904,0.9127180576324463,0.7652928829193115,0.7763540744781494,0.7658231258392334,0.7721242904663086,0.6927201747894287,0.7459588050842285,0.7361640930175781,0.7345516681671143,0.7692601680755615,0.9166760444641113,1.0488359928131104,0.8119449615478516,

exp-1-5_100s : 0.7720702489217123-0.09211760817197293
0.7216897010803223,0.7161309719085693,0.8783900737762451,

exp-1-5_10s : 0.9187657117843628-0.1869134080431148
0.963176965713501,0.8461523056030273,0.7917709350585938,0.8438048362731934,0.9526541233062744,0.7781572341918945,0.8025457859039307,1.185971975326538,1.2966101169586182,0.7268128395080566,

exp-1-5_1s : 0.7581981590815953-0.05750348866063776
0.7676632404327393,0.7898340225219727,0.7490980625152588,0.7648923397064209,0.7279670238494873,0.8001058101654053,0.7413427829742432,0.7106077671051025,0.8505222797393799,0.6853690147399902,0.7455928325653076,0.7376670837402344,0.7200400829315186,0.7368078231811523,0.7074470520019531,0.7061018943786621,0.7251920700073242,0.6820480823516846,0.7441921234130859,0.8164641857147217,0.8182311058044434,0.816267728805542,0.7905149459838867,0.7858240604400635,0.7972860336303711,0.9758419990539551,0.6765458583831787,0.7705650329589844,0.7998678684234619,0.7398130893707275,0.7173919677734375,0.7208130359649658,0.7541360855102539,0.770632266998291,0.6942489147186279,

exp-5-5_100s : 3.8112474282582602-0.1992351841493974
4.026059150695801,3.632521152496338,3.7751619815826416,

exp-5-5_10s : 4.312494652611869-1.1319588322471283
3.8153510093688965,3.663227081298828,6.789591073989868,4.472408056259155,3.697387218475342,3.655539035797119,4.093959093093872,

exp-5-5_1s : 5.812238502502441-4.31910702325137
3.6827168464660645,3.9437849521636963,3.7524662017822266,3.929992914199829,3.728161096572876,3.763735055923462,3.7345290184020996,3.62898588180542,13.249190092086792,14.708822965621948,

