exp-1-1_100s : 0.011438332239786785-0.004627712815352974
0.02110004425048828,0.018977880477905273,0.012237071990966797,

exp-1-1_10s : 0.013997157414754232-0.0017834294288631635
0.01584911346435547,0.01671600341796875,0.01668715476989746,0.0154571533203125,0.01269984245300293,0.014750242233276367,0.011981010437011719,0.012833118438720703,0.01301121711730957,0.013015985488891602,0.013032197952270508,0.011932849884033203,

exp-1-1_1s : 0.012335488917463918-0.011485515135219674
0.028555870056152344,0.014445066452026367,0.017854928970336914,0.024479150772094727,0.02310013771057129,0.018306970596313477,0.019937992095947266,0.01674795150756836,0.027637958526611328,0.025777816772460938,0.01807403564453125,0.02134418487548828,0.016913175582885742,0.019041061401367188,0.020511865615844727,0.0191500186920166,0.013884305953979492,0.020258188247680664,0.015001058578491211,0.014021873474121094,0.02686476707458496,0.028706789016723633,0.02015519142150879,0.022222042083740234,0.03191089630126953,0.014633893966674805,0.017368078231811523,0.016015052795410156,0.01978302001953125,0.01466512680053711,0.015353202819824219,0.017580747604370117,0.019837141036987305,0.017094850540161133,0.01618504524230957,0.024688005447387695,0.0174713134765625,0.02850508689880371,0.09327411651611328,0.020185232162475586,0.014742851257324219,0.016680240631103516,0.020752906799316406,0.014902114868164062,0.03335905075073242,0.021202802658081055,0.0157320499420166,0.01796889305114746,0.03755784034729004,0.028678178787231445,0.016046762466430664,0.018143892288208008,0.023461103439331055,0.01902294158935547,0.022118091583251953,0.0520329475402832,0.022225141525268555,0.020601987838745117,0.025020837783813477,

exp-5-5_100s : 0.19316919644673666-0.01864050741373293
0.21140503883361816,0.1939537525177002,0.1741487979888916,

exp-5-5_10s : 0.20009517669677734-0.026764647249769114
0.17736315727233887,0.2487809658050537,0.18357014656066895,0.21347832679748535,0.20351624488830566,0.17729616165161133,0.25246214866638184,0.1757221221923828,0.1883230209350586,0.18027687072753906,0.20858383178710938,0.19176912307739258,

exp-5-5_1s : 0.41549648761749268-0.04258597290197459
0.1861271858215332,0.17682719230651855,0.18770289421081543,0.21023988723754883,0.22112512588500977,0.20215201377868652,0.35053396224975586,0.26075315475463867,0.25371408462524414,0.21889090538024902,0.1967778205871582,0.30521392822265625,0.25646281242370605,0.25232386589050293,0.178879976272583,0.3270289897918701,0.18970894813537598,0.22715306282043457,0.17725276947021484,0.17747783660888672,0.19988083839416504,0.20261502265930176,0.23616600036621094,0.2767360210418701,0.1788480281829834,0.1958777904510498,0.1994476318359375,0.19504499435424805,0.20357394218444824,0.26821303367614746,0.17766284942626953,0.1902298927307129,0.20336318016052246,0.20586299896240234,0.20682191848754883,0.20800518989562988,0.2985398769378662,0.1909329891204834,0.1896367073059082,0.1782529354095459,0.18428492546081543,0.2229151725769043,0.18236994743347168,0.1861741542816162,0.1719810962677002,0.17692089080810547,0.19150280952453613,0.18606805801391602,0.2863800525665283,0.22416901588439941,

exp-1-5_100s : 0.04472788174947103-0.007079788772150145
0.03669905662536621,0.0474092960357666,0.05007529258728027,

exp-1-5_10s : 0.04550252358118693-0.008970357319417964
0.042539119720458984,0.03953981399536133,0.04344797134399414,0.05283308029174805,0.0386960506439209,0.03998279571533203,0.04740405082702637,0.047712087631225586,0.035714149475097656,0.06610894203186035,0.03663015365600586,0.055422067642211914,

exp-1-5_1s : 0.04987289576694883-0.008124934921820546
0.045545101165771484,0.05012702941894531,0.08701109886169434,0.04698300361633301,0.0653681755065918,0.04195904731750488,0.04858589172363281,0.03949308395385742,0.045883893966674805,0.048063039779663086,0.05629086494445801,0.04647994041442871,0.08093595504760742,0.045790910720825195,0.041296958923339844,0.04114389419555664,0.0378570556640625,0.05318784713745117,0.03891396522521973,0.04265403747558594,0.041023969650268555,0.049423933029174805,0.0420689582824707,0.04507637023925781,0.0461430549621582,0.050685882568359375,0.05096697807312012,0.04727602005004883,0.04771590232849121,0.04739809036254883,0.051970720291137695,0.05030322074890137,0.04944300651550293,0.051316022872924805,0.04993104934692383,0.051522254943847656,0.052542924880981445,0.05545496940612793,0.04921674728393555,0.04398608207702637,0.05335807800292969,0.052776336669921875,0.04950881004333496,0.05179905891418457,0.05225491523742676,0.0527651309967041,0.05065298080444336,0.051870107650756836,0.04530215263366699,0.052973031997680664,0.05013728141784668,0.05103111267089844,0.04885387420654297,0.05148196220397949,0.05101323127746582,0.05088996887207031,0.05463814735412598,0.044284820556640625,

exp-5-1_100s : 0.0456080436706543-0.0033087234171059712
0.04188895225524902,0.04671001434326172,0.04822516441345215,

exp-5-1_10s : 0.060165226459503174-0.01879036940397949
0.05085492134094238,0.05443406105041504,0.0492098331451416,0.05515861511230469,0.03876924514770508,0.08725190162658691,0.03892087936401367,0.06546616554260254,0.05277228355407715,0.07118797302246094,0.10204696655273438,0.05590987205505371,

exp-5-1_1s : 0.05420849616067451-0.009249812512084774
0.047139883041381836,0.048586130142211914,0.05189394950866699,0.052427053451538086,0.04705095291137695,0.04451894760131836,0.040434837341308594,0.06838130950927734,0.04996371269226074,0.059967994689941406,0.05115795135498047,0.06956887245178223,0.05136418342590332,0.0531010627746582,0.03915882110595703,0.052903175354003906,0.05713510513305664,0.05692696571350098,0.05123305320739746,0.07488203048706055,0.05766701698303223,0.04136967658996582,0.05191802978515625,0.0606842041015625,0.057576894760131836,0.03647470474243164,0.04447007179260254,0.05271005630493164,0.05231285095214844,0.04748821258544922,0.05795717239379883,0.05318307876586914,0.05132484436035156,0.05003213882446289,0.07872796058654785,0.03979682922363281,0.04643678665161133,0.06280231475830078,0.05474281311035156,0.04818606376647949,0.06520915031433105,0.05973100662231445,0.05073714256286621,0.0536041259765625,0.05755805969238281,0.05004405975341797,0.04903602600097656,0.06044888496398926,0.05244708061218262,0.06888794898986816,0.048690080642700195,0.07776093482971191,0.06026601791381836,0.054666996002197266,0.04881095886230469,0.047205209732055664,0.07112288475036621,

################ SERVER #########################

exp-1-1_100s : 0.21077601114908853-0.06894686422316297
0.16489005088806152,0.17737603187561035,0.29006195068359375,

exp-1-1_10s : 0.1706594705581665-0.04824723618209194
0.1661059856414795,0.14332199096679688,0.15196704864501953,0.13234281539916992,0.3021419048309326,0.1664130687713623,0.16853976249694824,0.1628119945526123,0.17365622520446777,0.13929390907287598,

exp-1-1_1s : 0.16150497473203218-0.02386141821140874
0.16519594192504883,0.1615750789642334,0.16773605346679688,0.13710594177246094,0.1514890193939209,0.14550209045410156,0.1439509391784668,0.13933491706848145,0.18102788925170898,0.13082385063171387,0.26730895042419434,0.17976713180541992,0.1609818935394287,0.14532709121704102,0.13254594802856445,0.13672804832458496,0.15178918838500977,0.16021108627319336,0.17235374450683594,0.18062281608581543,0.1554861068725586,0.14841580390930176,0.14194083213806152,0.14309120178222656,0.18190598487854004,0.1649181842803955,0.12460684776306152,0.15447092056274414,0.21136116981506348,0.1838681697845459,0.15715575218200684,0.20105290412902832,0.15029025077819824,0.16181182861328125,0.16264891624450684,0.15853214263916016,0.1785111427307129,0.14482402801513672,0.13483309745788574,0.17629599571228027,0.16105318069458008,0.1871938705444336,0.1509389877319336,0.17555689811706543,0.1567521095275879,0.1322801113128662,0.16582489013671875,0.15899395942687988,0.15876388549804688,0.16187691688537598,0.14771103858947754,0.19391393661499023,

exp-5-1_100s : 0.7596343358357748-0.020647519687079702
0.7380359172821045,0.7616899013519287,0.779177188873291,

exp-5-1_10s : 0.7704279661178589-0.033272140385389753
0.7833352088928223,0.740530252456665,0.7781102657318115,0.840317964553833,0.7488498687744141,0.7986240386962891,0.7392318248748779,0.739483118057251,0.7484691143035889,0.7873280048370361,

exp-5-1_1s : 0.7996214277604047-0.1568782177099216
0.7710959911346436,0.774817943572998,0.7610888481140137,0.7360010147094727,0.7917158603668213,0.7066349983215332,0.7645971775054932,0.7724559307098389,0.7187919616699219,0.7201781272888184,0.8209221363067627,0.7284927368164062,0.745398998260498,0.7897670269012451,1.0306520462036133,0.7555868625640869,0.7783718109130859,0.7438929080963135,1.4578769207000732,0.9354598522186279,0.6964211463928223,0.7282760143280029,0.714540958404541,0.6987860202789307,0.8053088188171387,0.8028099536895752,0.7806911468505859,0.7588529586791992,1.2455999851226807,0.7158892154693604,0.7342338562011719,0.7542080879211426,0.6816332340240479,0.766077995300293,

exp-1-5_100s : 0.7876373132069906-0.03223707045373361
0.751215934753418,0.812506914138794,0.7991890907287598,

exp-1-5_10s : 0.811584734916687-0.07389271421327367
0.851219892501831,0.9817800521850586,0.8100759983062744,0.7824587821960449,0.7344920635223389,0.7671477794647217,0.7619400024414062,0.7413933277130127,0.8266806602478027,0.8586587905883789,

exp-1-5_1s : 0.7772505283355713-0.04785014553799452
0.705996036529541,0.8450157642364502,0.7637529373168945,0.7964818477630615,0.7621047496795654,0.7822840213775635,0.739678144454956,0.7869150638580322,0.8416967391967773,0.7663249969482422,0.8329179286956787,0.7910289764404297,0.7688910961151123,0.7280368804931641,0.7171869277954102,0.7236490249633789,0.7129931449890137,0.7586190700531006,0.733726978302002,0.7790579795837402,0.7460060119628906,0.8632287979125977,0.7770881652832031,0.7298579216003418,0.7710440158843994,0.8994350433349609,0.8240246772766113,0.8550519943237305,0.8221077919006348,0.7653591632843018,0.7266769409179688,0.8003270626068115,0.7724399566650391,0.7375121116638184,

exp-5-5_100s : 4.080220699310303-0.15462219292029347
4.014960050582886,4.256773948669434,3.968928098678589,

exp-5-5_10s : 4.092077255249023-0.32121118948891575
3.761216878890991,3.849031925201416,4.652745008468628,3.9298880100250244,4.520731210708618,3.9351449012756348,4.039757966995239,4.048102140426636,

exp-5-5_1s : 5.190755581855774-1.6983800961691249
4.154458999633789,7.249831914901733,3.7226402759552,3.765522003173828,3.5097222328186035,3.8317840099334717,5.779252052307129,7.75483512878418,7.358418226242065,4.781090974807739,
